  875.0   1289    0.4   -4.2     71   3.22    330      5  284.2  293.5  284.7
  854.0   1480   -1.1   -5.9     70   2.89    305      7  284.6  293.1  285.1
  850.0   1517   -1.1   -6.1     69   2.86    300      7  285.0  293.4  285.5
  820.0   1803   -2.3   -6.4     73   2.90     36      1  286.6  295.2  287.2
  817.3   1829   -2.4   -6.7     72   2.84     45      1  286.8  295.2  287.3
  794.0   2058   -3.5   -9.5     63   2.35    338      8  288.0  295.1  288.4
  786.3   2134   -4.2   -9.8     65   2.32    315     10  288.1  295.1  288.5
  756.2   2438   -6.8  -11.2     71   2.17    320     13  288.5  295.1  288.9
  727.1   2743   -9.4  -12.5     78   2.02    330     16  288.9  295.1  289.3
  700.0   3039  -11.9  -13.8     86   1.89    345     12  289.3  295.1  289.6
  681.0   3249  -13.7  -15.0     90   1.76    345     12  289.6  295.0  289.9
  669.0   3384  -14.5  -17.1     81   1.50    345     13  290.1  294.8  290.4
  645.1   3658  -16.9  -19.7     79   1.25    345     13  290.5  294.4  290.7
  637.0   3753  -17.7  -20.6     78   1.17    353     13  290.6  294.3  290.8
  611.0   4064  -19.7  -21.8     83   1.10     18     15  291.8  295.3  291.9
  594.4   4267  -21.0  -24.6     73   0.88     35     16  292.5  295.4  292.7
  579.0   4461  -22.3  -27.3     64   0.71     32     17  293.2  295.6  293.4
  557.0   4745  -24.9  -31.9     52   0.48     27     19  293.4  295.0  293.5
  548.0   4863  -25.7  -30.2     66   0.57     25     20  293.9  295.8  293.9
  546.9   4877  -25.8  -30.6     64   0.55     25     20  293.9  295.7  294.0
  540.0   4969  -26.5  -33.5     52   0.42     24     20  294.1  295.6  294.2
  534.0   5050  -27.3  -32.3     62   0.48     24     21  294.1  295.7  294.2
  528.0   5131  -27.9  -35.9     46   0.34     23     21  294.3  295.5  294.4
  514.0   5324  -29.5  -39.5     37   0.24     22     21  294.7  295.5  294.7
  505.0   5449  -30.7  -39.7     41   0.24     21     22  294.7  295.6  294.8
  500.0   5520  -30.9  -41.9     33   0.19     20     22  295.3  296.0  295.3
  488.0   5692  -32.5  -44.5     29   0.15      4     20  295.4  295.9  295.4
  470.0   5957  -32.7  -53.7     10   0.05    338     17  298.3  298.6  298.4
  460.8   6096  -33.6  -56.4      8   0.04    325     15  298.8  299.0  298.9
  449.0   6278  -34.9  -59.9      6   0.03    328     16  299.5  299.6  299.5
  433.0   6531  -35.1  -61.1      5   0.02    332     18  302.4  302.5  302.4
  405.0   6994  -38.1  -62.1      6   0.02    339     20  304.3  304.4  304.3
  400.0   7080  -37.9  -61.9      6   0.02    340     21  305.6  305.8  305.7
  389.0   7271  -38.5  -62.5      6   0.02    333     21  307.3  307.4  307.3
  369.5   7620  -40.4  -63.6      7   0.02    320     20  309.4  309.4  309.4
  341.0   8165  -43.3  -65.3      7   0.02    324     23  312.6  312.6  312.6
  324.0   8509  -43.9  -66.9      6   0.01    326     24  316.3  316.4  316.3
  300.0   9020  -47.7  -67.7      8   0.01    330     27  318.0  318.1  318.0
  298.0   9064  -48.1  -68.1      8   0.01    330     28  318.1  318.1  318.1
  294.4   9144  -48.3  -68.3      8   0.01    330     27  318.9  319.0  318.9
  268.0   9763  -49.5  -69.5      8   0.01    319     29  325.8  325.9  325.8
  250.0  10220  -49.1  -74.1      4   0.01    310     30  332.9  333.0  332.9
  226.0  10885  -48.1  -79.1      2   0.00    310     32  344.2  344.2  344.2
  219.0  11093  -49.3  -80.3      1   0.00    310     33  345.5  345.5  345.5
  205.0  11527  -48.7  -79.7      2   0.00    310     34  353.0  353.0  353.0
  200.0  11690  -49.1  -80.1      2   0.00    310     35  354.9  354.9  354.9
  195.0  11856  -50.1  -81.1      1   0.00    303     34  355.8  355.9  355.8
  189.0  12060  -49.7  -81.7      1   0.00    295     32  359.7  359.7  359.7
  185.2  12192  -50.6  -82.2      1   0.00    290     31  360.2  360.2  360.2
  172.0  12671  -54.1  -84.1      1   0.00    295     46  362.2  362.2  362.2
  168.5  12802  -53.4  -83.4      1   0.00    305     53  365.5  365.5  365.5
  167.0  12861  -53.1  -83.1      1   0.00    305     52  366.9  367.0  366.9
  160.0  13136  -54.5  -83.5      2   0.00    305     49  369.1  369.1  369.1
  150.0  13550  -54.5  -82.5      2   0.00    305     45  376.0  376.0  376.0
  147.0  13679  -54.3  -82.3      2   0.00    304     43  378.5  378.5  378.5
  139.3  14021  -55.3  -83.3      2   0.00    300     36  382.6  382.6  382.6
  132.8  14326  -56.2  -84.2      2   0.00    280     46  386.3  386.3  386.3
  132.0  14366  -56.3  -84.3      2   0.00    282     47  386.7  386.8  386.7
  131.0  14414  -56.3  -84.3      2   0.00    284     47  387.6  387.6  387.6
  130.0  14463  -54.7  -83.7      2   0.00    286     48  391.3  391.3  391.3
  127.0  14612  -54.9  -83.9      2   0.00    292     50  393.6  393.6  393.6
  126.0  14663  -53.5  -83.5      1   0.00    294     51  397.0  397.0  397.0
  124.0  14765  -53.9  -83.9      1   0.00    298     53  398.1  398.1  398.1
  120.8  14935  -53.4  -84.2      1   0.00    305     55  402.0  402.0  402.0
  120.0  14976  -53.3  -84.3      1   0.00    307     54  402.9  402.9  402.9
  115.2  15240  -54.2  -84.9      1   0.00    320     45  406.0  406.0  406.0
  109.8  15545  -55.3  -85.5      1   0.00    325     35  409.5  409.5  409.5
  107.0  15710  -55.9  -85.9      1   0.00    317     30  411.4  411.4  411.4
  104.7  15850  -55.9  -86.2      1   0.00    310     26  414.0  414.0  414.0
  100.0  16140  -55.9  -86.9      1   0.00    305     33  419.4  419.5  419.4
   94.5  16500  -55.5  -86.5      1   0.00    295     30  427.1  427.1  427.1
   82.6  17351  -58.9  -87.9      1   0.00    271     21  436.9  436.9  436.9
   82.3  17374  -58.7  -87.8      1   0.00    270     21  437.8  437.8  437.8
   80.6  17505  -57.5  -87.5      1   0.00    276     24  442.8  442.8  442.8
   75.4  17924  -59.5  -88.5      1   0.00    297     35  447.1  447.2  447.1
   74.7  17983  -59.2  -88.4      1   0.00    300     36  449.0  449.0  449.0
   72.2  18196  -58.1  -88.1      1   0.00    297     31  455.7  455.7  455.7
   71.2  18288  -58.5  -88.0      1   0.00    295     29  456.8  456.8  456.8
   70.0  18390  -58.9  -87.9      1   0.00    285     28  458.0  458.1  458.0
   67.8  18593  -60.1  -88.6      1   0.00    280     33  459.7  459.7  459.7
   66.0  18757  -61.1  -89.1      1   0.00    287     31  461.0  461.0  461.0
   64.8  18871  -60.9  -88.9      1   0.00    292     30  463.9  463.9  463.9
   64.1  18939  -57.5  -87.5      1   0.00    295     30  472.8  472.8  472.8
   63.5  18999  -57.1  -88.1      1   0.00    298     29  474.9  474.9  474.9
   58.9  19474  -57.9  -87.9      1   0.00    319     24  483.4  483.5  483.4
   58.6  19507  -57.7  -87.8      1   0.00    320     24  484.6  484.6  484.6
   56.3  19760  -56.3  -87.3      1   0.00    353     15  493.4  493.4  493.4
   55.8  19812  -56.6  -87.5      1   0.00      0     13  493.9  493.9  493.9
   53.2  20117  -58.3  -88.4      1   0.00    330      6  496.8  496.8  496.8
   52.9  20153  -58.5  -88.5      1   0.00    332      6  497.1  497.1  497.1
   50.0  20510  -55.9  -87.9      1   0.00    350      8  511.3  511.3  511.3
   49.8  20535  -55.7  -87.7      1   0.00    348      8  512.4  512.4  512.4
   46.8  20927  -58.5  -88.5      1   0.00    322     10  514.8  514.9  514.8
   46.0  21031  -57.7  -88.2      1   0.00    315     11  519.1  519.1  519.1
   43.9  21336  -55.5  -87.3      1   0.00     35     18  531.8  531.8  531.8
   43.5  21389  -55.1  -87.1      1   0.00     32     18  534.0  534.1  534.0
   39.8  21946  -57.3  -88.6      1   0.00      5     17  542.2  542.2  542.2
   38.2  22210  -58.3  -89.3      1   0.00     21     17  546.1  546.1  546.1
   35.8  22620  -55.5  -87.5      1   0.01     46     16  563.5  563.6  563.6
   34.5  22860  -55.7  -87.7      1   0.01     60     16  569.1  569.2  569.1
   31.3  23470  -56.3  -88.3      1   0.01     15     29  583.5  583.6  583.5
   30.0  23740  -56.5  -88.5      1   0.01     20     24  590.0  590.1  590.0
   29.6  23825  -56.9  -88.9      1   0.00     22     24  591.2  591.2  591.2
   28.7  24023  -54.1  -87.1      1   0.01     27     23  604.2  604.2  604.2
   27.4  24321  -53.1  -86.1      1   0.01     34     22  615.0  615.1  615.0
   27.1  24384  -53.3  -86.2      1   0.01     35     22  616.1  616.2  616.1
   25.9  24689  -54.3  -86.8      1   0.01     40     22  621.7  621.8  621.7
   22.4  25603  -57.4  -88.7      1   0.01     35     35  638.6  638.6  638.6
   21.7  25811  -58.1  -89.1      1   0.01     35     31  642.5  642.5  642.5
   20.4  26213  -55.5  -87.2      1   0.01     35     22  662.2  662.3  662.2
   20.0  26330  -54.7  -86.7      1   0.01     35     22  668.0  668.1  668.0
   19.1  26625  -53.1  -86.1      1   0.01     35     23  681.8  681.9  681.8
   16.9  27406  -56.7  -88.7      1   0.01     35     27  694.5  694.6  694.5
   16.8  27432  -56.7  -88.7      1   0.01     35     27  695.2  695.3  695.2
   15.1  28118  -57.3  -89.3      1   0.01     37     27  715.2  715.3  715.2
   14.3  28464  -54.9  -86.9      1   0.01     38     27  734.5  734.7  734.5
   12.5  29316  -58.1  -90.1      1   0.01     41     26  752.1  752.2  752.1
   11.5  29846  -53.9  -86.9      1   0.02     43     26  785.3  785.5  785.3
   10.6  30368  -54.1  -87.1      1   0.02     45     26  803.0  803.3  803.1
   10.4  30480  -54.5  -87.2      1   0.02     45     26  805.5  805.8  805.5
   10.0  30740  -55.5  -87.5      1   0.02     30     27  811.3  811.5  811.3
    9.5  31090  -57.3  -89.3      1   0.01     30     32  817.3  817.5  817.3